test
22222
3333333
4444444444
5555555
666666666
test
22222
3333333
4444444444
5555555
666666666
test
22222
3333333
4444444444
5555555
666666666
test
22222
3333333
4444444444
5555555
666666666
test
22222
3333333
4444444444
5555555
666666666
test
22222
3333333
4444444444
5555555
666666666
test
22222
3333333
4444444444
5555555
666666666
test
22222
3333333
4444444444
5555555
666666666
test
22222
3333333
4444444444
5555555
666666666
test
22222
3333333
4444444444
5555555
666666666
test
22222
3333333
4444444444
5555555
666666666
test
22222
3333333
4444444444
5555555
666666666
test
22222
3333333
4444444444
5555555
666666666
test
22222
3333333
4444444444
5555555
666666666
test
22222
3333333
4444444444
5555555
666666666
test
22222
3333333
4444444444
5555555
666666666
test
22222
3333333
4444444444
5555555
666666666
test
22222
3333333
4444444444
5555555
666666666
test
22222
3333333
4444444444
5555555
666666666
test
22222
3333333
4444444444
5555555
666666666
test
22222
3333333
4444444444
5555555
666666666
test
22222
3333333
4444444444
5555555
666666666
test
22222
3333333
4444444444
5555555
666666666
test
22222
3333333
4444444444
5555555
666666666
test
22222
3333333
4444444444
5555555
666666666
test
22222
3333333
4444444444
5555555
666666666
test
22222
3333333
4444444444
5555555
666666666
test
22222
3333333
4444444444
5555555
666666666
test
22222
3333333
4444444444
5555555
666666666
